00 10 45 01 10 10 02 02 06 02 19 0C 02 05 10 03 
39:13:  10 46 01 30 10 03 
39:13:  10 4B 5A 00 01 10 03 
39:13:  10 4A 3F 3E B2 DA 3F A6 DD 16 44 D0 D0 D0 00 00 00 00 48 AF 82 00 10 03 
39:13:  10 56 00 00 00 00 00 00 00 00 00 00 00 00 00 00 00 00 48 AF 82 00 10 03 
39:14:  10 41 48 B0 EB D4 07 A5 41 90 00 00 10 03 
39:14:  10 82 02 10 03 
39:14:  10 6D 03 00 00 00 00 00 00 00 00 00 00 00 00 00 00 00 00 10 03 
39:14:  10 82 02 10 03 
39:14:  10 6D 03 00 00 00 00 00 00 00 00 00 00 00 00 00 00 00 00 10 03 
39:15:  10 82 02 10 03 
39:15:  10 6D 03 00 00 00 00 00 00 00 00 00 00 00 00 00 00 00 00 10 03 
39:16:  10 82 02 10 03 
39:16:  10 6D 03 00 00 00 00 00 00 00 00 00 00 00 00 00 00 00 00 10 03 
39:17:  10 82 02 10 03 
39:17:  10 41 48 B0 EC 69 07 A5 41 90 00 00 10 03 
39:18:  10 46 01 00 10 03 
39:18:  10 4B 5A 00 01 10 03 
39:18:  10 6D 03 00 00 00 00 00 00 00 00 00 00 00 00 00 00 00 00 10 03 
39:18:  10 82 02 10 03 
39:18:  10 6D 03 00 00 00 00 00 00 00 00 00 00 00 00 00 00 00 00 10 03 
39:19:  10 82 02 10 03 
39:19:  10 6D 03 00 00 00 00 00 00 00 00 00 00 00 00 00 00 00 00 10 03 
39:20:  10 82 02 10 03 
39:20:  10 6D 03 00 00 00 00 00 00 00 00 00 00 00 00 00 00 00 00 10 03 
39:21:  10 82 02 10 03 
39:21:  10 6D 03 00 00 00 00 00 00 00 00 00 00 00 00 00 00 00 00 10 03 
39:22:  10 82 02 10 03 
39:22:  10 41 48 B0 ED 09 07 A5 41 90 00 00 10 03 
39:23:  10 46 01 00 10 03 
39:23:  10 4B 5A 00 01 10 03 
39:23:  10 6D 03 00 00 00 00 00 00 00 00 00 00 00 00 00 00 00 00 10 03 
39:23:  10 82 02 10 03 
39:23:  10 6D 03 00 00 00 00 00 00 00 00 00 00 00 00 00 00 00 00 10 03 
39:24:  10 82 02 10 03 
39:24:  10 6D 03 00 00 00 00 00 00 00 00 00 00 00 00 00 00 00 00 10 03 
39:25:  10 82 02 10 03 
39:25:  10 6D 03 00 00 00 00 00 00 00 00 00 00 00 00 00 00 00 00 10 03 
39:26:  10 82 02 10 03 
39:26:  10 6D 03 00 00 00 00 00 00 00 00 00 00 00 00 00 00 00 00 10 03 
39:27:  10 82 02 10 03 
39:27:  10 41 48 B0 ED A9 07 A5 41 90 00 00 10 03 
39:28:  10 46 01 00 10 03 
39:28:  10 4B 5A 00 01 10 03 
39:28:  10 6D 03 00 00 00 00 00 00 00 00 00 00 00 00 00 00 00 00 10 03 
39:28:  10 82 02 10 03 
39:28:  10 6D 03 00 00 00 00 00 00 00 00 00 00 00 00 00 00 00 00 10 03 
39:29:  10 82 02 10 03 
39:29:  10 6D 03 00 00 00 00 00 00 00 00 00 00 00 00 00 00 00 00 10 03 
39:30:  10 82 02 10 03 
39:30:  10 6D 03 00 00 00 00 00 00 00 00 00 00 00 00 00 00 00 00 10 03 
39:31:  10 82 02 10 03 
39:31:  10 6D 03 00 00 00 00 00 00 00 00 00 00 00 00 00 00 00 00 10 03 
39:32:  10 82 02 10 03 